1969|78
1994|60
1946|161
1971|79
1998|67
2001|69
1965|23
1961|36
2008|63
1980|77
1955|29
1984|60
1959|19
1978|53
1988|77
1951|30
2004|70
1972|70
1997|66
1966|32
1949|120
1993|72
1962|36
1983|55
1956|26
2009|61
2005|85
1977|57
1987|59
1952|34
1990|73
1948|94
1973|64
1967|174
1992|66
1996|69
1963|23
1982|63
1957|21
2006|80
1986|63
1976|45
2002|64
1953|35
1970|100
1947|40
1991|61
1974|74
1968|91
1989|81
1995|74
2000|68
1964|25
1999|60
1960|20
1958|25
1981|65
2007|64
1985|62
1979|53
1975|71
2003|67
1954|35
1950|30
